BTC: [36164.59608078003, 35028.858184814453, 34164.84832763672, 37926.228046417236, 33898.80418777466]

Etherium: [3016.9944763183594, 2819.7269439697266, 2896.008014678955, 2895.5469131469727, 3055.419445037842]

Dogecoin: [0.2836251974105835, 0.2910567045211792, 0.2961850881576538, 0.2884641408920288, 0.3144310474395752]

Stellar: [0.2857177734375, 0.2883213758468628, 0.28325304985046387, 0.28830666542053223, 0.28047358989715576]

NEM: [0.29535410404205322, 0.29521589279174805, 0.2937316417694092, 0.2855343818664551, 0.29337096214294434]